0	1	2	3	4	5	6	7	8	9	10	11	12	13	14	15	16	17	18	19	20	21	22	23	24	25	26	27	28	29	30	31	32	33	34	35	36	37	38	39	40	41	42	43	44	45	
1	28	28	22	20	23	27	27	22	33	19	20	25	31	27	24	30	30	24	18	19	26	12	22	35	22	17	24	21	30	26	25	27	23	20	23	23	20	18	33	31	22	25	27	22	21	
2	27	30	33	30	27	31	34	31	33	28	32	25	33	28	33	28	27	27	32	28	32	30	34	30	19	19	31	33	31	33	34	27	25	26	33	37	20	28	31	28	25	31	39	28	31	
3	26	36	18	30	34	25	26	28	31	37	29	31	28	26	31	28	28	25	27	34	37	35	22	28	29	29	31	24	26	31	33	29	26	17	24	27	23	26	13	28	23	32	22	23	26	
4	33	35	37	29	24	20	24	23	29	27	24	32	28	26	26	32	23	34	30	28	33	25	25	29	19	29	27	20	23	23	22	23	22	18	28	28	15	15	25	20	26	28	29	26	22	
5	34	36	31	32	28	31	30	20	31	22	26	19	21	20	29	20	25	21	26	23	24	28	23	29	19	24	19	32	31	33	22	28	19	24	18	26	28	27	26	25	17	22	31	23	17	
6	24	39	34	28	27	24	27	19	33	27	21	25	20	20	27	28	31	22	28	21	26	23	22	28	24	32	25	28	30	21	23	22	21	23	28	20	25	16	32	26	27	32	28	28	29	
7	23	22	28	35	30	25	20	23	21	24	26	26	26	24	34	30	32	28	24	31	28	25	25	24	20	15	18	23	20	23	24	20	25	19	22	22	15	21	22	31	22	29	26	33	26	
8	21	25	25	32	22	14	27	22	22	34	27	24	20	27	21	20	27	27	23	26	23	27	21	30	16	23	24	23	23	24	27	27	24	19	22	29	21	18	27	22	23	33	20	30	36	
9	23	27	30	24	34	35	28	28	29	29	25	19	32	29	30	26	31	28	29	24	30	22	29	28	20	26	28	25	23	32	24	23	24	17	19	36	22	34	31	30	19	25	23	30	32	
10	18	30	25	14	27	29	21	26	20	27	28	24	19	23	24	23	23	25	26	31	38	27	32	25	20	31	31	25	30	34	23	31	32	19	16	23	24	21	33	27	23	31	29	30	32	
11	19	30	22	27	19	24	19	25	35	29	22	25	30	19	30	26	22	29	28	27	37	34	25	29	22	21	16	28	26	30	33	31	33	20	23	34	25	21	27	34	27	27	24	28	26	
12	23	27	34	18	18	16	28	19	31	24	26	23	33	18	27	28	17	19	28	18	28	22	23	30	23	19	21	26	21	28	30	13	17	8	30	27	31	28	18	30	21	31	19	25	30	
13	29	34	29	20	21	22	21	23	30	24	26	28	25	19	33	25	24	29	15	26	23	24	16	25	20	25	27	27	17	19	26	20	21	29	27	40	25	23	27	20	22	23	41	26	26	
14	23	27	26	23	22	17	24	20	22	19	27	17	25	17	26	27	37	21	31	21	31	19	21	29	21	25	22	29	28	25	25	19	33	10	23	30	22	17	22	29	26	19	22	30	25	
15	23	32	38	29	23	29	24	32	31	40	32	29	30	24	27	32	34	32	30	24	33	40	24	33	27	25	28	19	31	33	31	26	32	17	23	33	26	24	29	32	24	38	29	30	32	
16	28	27	23	26	31	27	24	28	25	28	29	27	30	24	34	26	33	17	24	29	40	32	21	31	26	32	29	29	23	28	21	16	26	28	25	31	38	22	33	38	38	31	28	29	25	
17	29	22	26	31	16	22	23	28	31	27	22	23	22	22	24	34	24	30	27	18	29	30	26	33	14	21	31	30	26	25	30	26	38	27	31	22	24	22	29	27	20	21	29	25	21	
18	26	26	27	28	22	25	26	26	28	28	32	29	26	19	27	31	25	24	26	26	16	23	26	29	28	24	25	27	28	33	24	19	25	23	29	24	21	19	28	23	26	32	32	25	28	
19	34	31	28	27	20	34	21	26	27	21	24	22	25	28	32	33	25	23	31	22	32	26	21	33	24	32	27	30	24	28	29	30	30	19	29	23	16	20	19	27	23	30	20	27	29	
20	23	28	20	21	29	26	23	22	25	21	28	29	27	17	19	29	19	29	26	24	29	30	21	27	18	31	28	25	26	33	22	22	26	27	20	23	15	16	22	33	26	24	30	21	30	
21	27	34	35	23	33	35	25	28	29	24	22	29	32	20	23	27	33	27	29	33	40	30	25	33	27	30	27	35	32	32	27	20	36	22	32	28	29	26	28	36	31	28	38	43	23	
22	18	36	22	25	25	26	30	21	22	23	21	27	19	28	30	28	30	27	32	26	24	24	24	38	18	29	28	29	25	26	31	25	31	24	27	22	30	25	27	41	23	32	33	33	27	
23	19	22	26	23	25	25	20	24	29	27	28	25	19	23	25	25	17	28	27	24	28	22	18	21	21	23	26	29	23	28	16	17	26	25	26	29	25	15	30	26	20	29	27	26	23	
24	26	38	34	29	26	30	19	24	17	27	37	31	23	35	32	27	31	26	22	23	33	29	27	31	27	26	30	35	29	30	34	30	34	26	29	27	27	17	27	30	30	24	38	33	24	
25	29	26	32	32	20	26	27	20	22	22	23	24	20	24	26	17	11	26	24	17	17	15	21	24	27	18	25	23	25	31	18	18	28	11	27	25	29	15	23	22	18	20	21	18	27	
26	21	36	24	31	25	20	22	15	26	30	26	24	25	21	29	27	17	25	28	24	29	23	21	28	16	21	20	30	25	39	24	23	27	29	25	27	23	25	23	26	21	25	19	21	24	
27	22	30	21	31	22	21	20	24	20	27	29	19	22	27	32	27	24	28	21	29	32	21	30	35	24	24	19	33	31	22	28	34	23	17	15	26	17	26	20	31	25	36	25	29	33	
28	27	25	25	24	20	32	23	27	32	28	23	30	21	28	29	23	22	34	32	34	35	31	26	32	23	29	37	29	20	37	19	32	28	24	17	24	27	20	28	29	25	30	32	29	22	
29	21	37	37	31	24	28	20	28	24	26	28	16	23	27	27	34	27	19	29	24	20	28	28	28	23	22	20	27	18	31	19	22	23	23	33	17	26	26	26	22	22	33	23	32	24	
30	27	39	25	22	30	30	22	34	22	25	24	32	20	25	35	31	24	34	26	25	33	32	24	27	30	26	32	19	28	36	23	30	34	25	28	24	27	22	31	36	33	24	36	28	26	
31	15	32	27	27	27	28	34	20	25	21	27	21	23	19	26	30	35	31	21	17	31	36	26	26	23	20	21	30	22	25	25	24	30	24	24	27	26	23	28	28	31	24	29	14	29	
32	19	22	26	20	24	22	21	24	13	22	25	20	23	27	37	28	25	24	37	21	29	24	26	26	28	20	30	24	20	22	23	20	23	23	21	25	19	12	26	23	13	20	25	28	26	
33	23	29	32	14	28	23	35	26	36	23	30	21	35	22	35	33	24	16	20	23	36	33	24	35	25	29	29	26	28	27	26	27	30	26	29	23	28	25	36	25	24	33	26	28	30	
34	29	25	20	26	29	26	22	19	30	17	23	18	23	19	29	21	21	21	22	23	24	20	18	15	11	18	14	15	20	18	12	16	22	17	23	19	24	17	23	27	20	26	16	22	22	
35	21	23	24	30	26	16	25	24	27	42	25	15	22	19	30	26	14	22	25	25	29	32	22	29	26	19	26	29	27	23	31	21	32	21	27	19	23	22	29	29	28	24	30	26	29	
36	26	33	25	29	27	27	24	25	24	32	23	24	26	28	30	31	28	26	24	27	31	27	24	31	23	33	21	27	22	27	28	29	25	19	24	24	22	15	30	22	27	26	35	21	24	
37	19	30	31	25	21	25	23	18	18	23	32	16	22	15	26	31	26	21	22	22	29	22	17	26	21	29	20	21	29	23	31	13	34	19	33	26	24	29	18	25	21	27	21	23	27	
38	9	23	18	19	17	26	22	24	25	25	18	22	18	26	28	23	27	18	26	21	28	27	25	19	20	17	21	26	13	23	24	17	21	17	23	21	18	20	20	21	27	23	27	25	20	
39	22	28	27	31	29	23	22	18	32	23	27	18	20	24	43	27	30	28	28	24	27	25	30	30	24	27	32	33	31	30	20	23	31	21	21	21	18	23	29	22	17	29	29	35	30	
40	25	26	38	20	31	25	36	27	32	26	36	25	26	28	38	32	23	25	26	28	26	24	24	34	28	32	30	24	30	31	27	14	25	21	31	33	27	23	31	29	21	23	29	26	26	
41	24	22	29	21	23	32	23	28	18	23	28	18	20	18	27	22	24	26	31	25	28	31	16	26	20	23	26	34	25	22	22	20	33	19	26	32	24	23	23	23	25	23	31	19	22	
42	22	33	32	25	21	37	28	27	31	23	28	23	21	27	31	30	27	28	33	26	27	25	32	25	26	30	22	33	27	27	26	33	36	24	24	23	25	25	17	24	24	26	24	29	31	
43	30	35	27	30	34	30	22	31	35	27	30	21	30	27	33	35	34	28	25	30	24	32	20	31	19	21	27	23	29	34	28	33	26	23	21	24	23	22	25	34	30	22	37	26	20	
44	23	27	21	31	21	24	26	23	30	24	21	31	25	30	26	33	22	33	23	17	35	27	28	23	30	26	23	36	31	27	40	16	23	19	33	21	25	26	32	32	30	24	28	30	30	
45	28	23	28	27	29	24	22	28	26	25	28	22	33	30	29	36	25	29	26	22	36	38	25	26	23	18	28	30	19	33	22	20	27	19	28	31	32	20	25	24	32	23	21	23	19	
