1485
1484
1483
30 ERROR
1482
30 ERROR
37 ERROR
1481
30 ERROR
1480
37 ERROR
1479
16 ERROR
37 ERROR
1478
7 ERROR
17 ERROR
1477
1476
11 ERROR
1475
11 ERROR
1474
11 ERROR
1473
16 ERROR
1472
1471
38 ERROR
1470
1469
7 ERROR
16 ERROR
17 ERROR
1468
1467
11 ERROR
1466
1465
38 ERROR
1464
16 ERROR
30 ERROR
1463
17 ERROR
37 ERROR
38 ERROR
1462
7 ERROR
1461
7 ERROR
38 ERROR
1460
1459
11 ERROR
1458
1457
17 ERROR
1456
11 ERROR
38 ERROR
1455
7 ERROR
1454
17 ERROR
37 ERROR
1453
1452
7 ERROR
37 ERROR
1451
1450
1449
7 ERROR
1448
11 ERROR
1447
1485
1484
35 ERROR
1483
8 ERROR
1482
30 ERROR
1481
20 ERROR
1479
9 ERROR
16 ERROR
37 ERROR
1478
7 ERROR
1477
1477
1477
1477
1477
1476
32 ERROR
1475
1474
1473
1472
12 ERROR
1471
38 ERROR
1470
27 ERROR
1469
7 ERROR
1468
12 ERROR
20 ERROR
1467
20 ERROR
1466
1465
32 ERROR
38 ERROR
1464
25 ERROR
27 ERROR
30 ERROR
1463
38 ERROR
1477
1472
1471
6 ERROR
1467
5 ERROR
1467
5 ERROR
1442
7 ERROR
1485
1485
1485
1484
1483
30 ERROR
1482
30 ERROR
37 ERROR
1481
30 ERROR
1480
37 ERROR
1479
16 ERROR
37 ERROR
1478
7 ERROR
17 ERROR
1477
1476
11 ERROR
1475
11 ERROR
1474
11 ERROR
1473
16 ERROR
1472
1471
38 ERROR
1470
1469
7 ERROR
16 ERROR
17 ERROR
1468
1467
11 ERROR
1485
1485
1485
1485
1485
1485
1485
1485
1485
1485
1485
1485
1485
1485
1485
1485
1485
1485
1485
1485
1485
1485
1485
1485
1485
1485
1485
1485
1485
1485
1485
1485
1485
1485
1485
1485
1485
1485
1485
1485
1485
1485
1483
8 ERROR
1481
20 ERROR
1478
7 ERROR
